100
0.666
4.773
1.443
6.216
0.666
7.215
5.106
8.103
10.101
0.333
5.217
3.219
9.879
4.995
4.329
10.878
0.888
8.547
10.545
10.545
6.438
0.444
2.775
10.989
7.77
1.443
1.887
2.22
7.881
0.333
7.437
5.328
10.545
1.665
7.881
4.773
7.881
10.212
6.993
9.213
5.994
1.887
1.776
1.221
10.767
8.547
2.109
3.441
3.885
4.773
10.434
10.545
2.997
5.106
0.111
0.222
8.658
9.102
9.213
5.328
4.662
6.66
9.213
4.884
7.659
8.547
8.991
9.879
4.107
8.214
7.659
10.212
6.66
8.88
10.434
2.331
5.439
7.437
1.554
0.999
10.434
9.99
5.55
5.661
3.774
7.659
6.771
8.658
5.772
7.992
8.214
7.437
5.106
8.991
0.444
1.887
3.663
7.104
10.656
4.884